3 8 6282 349 3312 11444 14900 6521 14897 3499 
2 5 6282 349 3340 9388 321 
2 5 6282 6334 9334 9361 11372 
1 4 6332 6402 3380 362 
1 3 6332 11245 6375 
3 9 514 478 6441 9428 14897 6521 14902 9428 9496 
3 5 3522 9456 3499 14898 6521 
1 4 3522 9375 526 6377 
1 4 6377 6263 6325 9347 
2 3 9347 6257 6389 
3 5 14264 3572 6595 552 9570 
3 5 6282 349 3312 3207 9496 
1 4 9347 3368 3231 11366 
1 3 6377 3271 3326 
2 4 9347 6325 6349 3326 
1 2 3326 241 
1 7 6469 6622 11346 9281 11264 11360 241 
1 2 6469 587 
3 2 6469 495 
1 3 495 6535 11388 
1 4 11388 247 309 3326 
1 6 495 6535 9509 405 3395 6377 
1 4 6469 6570 529 11494 
2 4 11494 3423 9575 11531 
3 4 11494 529 6444 6488 
2 4 11531 11547 11560 6488 
3 4 9517 6568 589 6488 
2 5 11531 563 3558 3530 9517 
3 2 9517 11499 
2 2 11499 708 
1 3 708 3705 692 
1 3 692 11653 9515 
2 5 9517 3530 6542 6712 3692 
1 4 3692 3679 6934 9655 
1 4 9655 11638 6693 692 
1 3 11499 3690 9655 
3 5 495 3398 9547 3524 6488 
2 4 9515 3299 571 11544 
1 3 692 9652 707 
1 4 707 3688 6725 9515 
2 4 11499 9545 11529 11544 
2 6 11544 9572 11417 11445 3397 6488 
1 5 6488 3524 6549 9524 3561 
3 4 3561 425 6487 3522 
1 3 3561 6513 564 
1 4 564 11431 9443 495 
1 4 6377 11493 3355 564 
1 4 6488 3524 11533 564 
1 4 3561 425 6582 3535 
1 3 3535 11481 514 
1 4 3535 6582 6487 3522 
2 8 11544 9416 3474 482 6524 538 6501 3535 
1 4 11372 11343 9263 362 
1 16 6332 6402 3380 389 334 11288 11260 9252 9387 6236 537 9496 11505 14902 14900 6521 
1 6 6332 395 3384 11312 3272 6296 
1 3 3320 327 6296 
3 16 3151 149 11068 9164 6095 6035 6086 9111 187 2999 11315 3215 11250 3358 11282 6380 
2 4 758 11710 9689 6734 
2 5 11805 3861 799 6924 9817 
1 7 6880 9765 3866 980 970 11768 11805 
2 3 6734 9686 11677 
1 4 11677 11692 6955 758 
1 3 9764 854 9824 
2 7 6906 9896 6817 3873 6966 6812 9764 
1 4 6906 6959 9889 4098 
1 2 4098 10024 
1 5 10024 10109 4065 11956 1176 
1 3 1176 11956 12038 
2 4 1176 7068 7198 4182 
1 3 4182 10009 9979 
1 2 7183 1048 
1 4 4182 7198 6744 875 
1 3 7183 1178 875 
2 4 3816 9813 11821 915 
2 7 3938 9767 6993 9785 11766 813 3816 
1 5 3938 3794 9800 9846 11825 
1 4 11825 6936 903 885 
1 6 11825 4024 3920 726 3729 11707 
1 7 11677 11840 3725 3727 3918 918 11825 
1 5 11707 6749 9703 11688 740 
1 5 6867 874 845 889 9817 
2 4 10024 1093 9903 832 
1 4 4098 1093 11884 832 
1 5 832 942 9757 6914 3938 
2 4 875 3871 3810 6948 
1 5 3945 6879 9852 6914 3938 
1 6 6906 3799 871 7213 11737 3816 
2 4 6287 6393 3260 3325 
1 3 6364 6235 394 
1 4 241 11360 11318 9335 
1 2 9335 6336 
2 4 6469 3512 9363 6241 
3 3 6241 14265 391 
1 3 391 68 3314 
2 4 6241 6286 14267 6336 
3 3 391 3211 9498 
3 2 9498 3262 
3 3 3262 11419 6598 
3 2 6598 516 
2 4 587 9522 11562 11519 
1 3 11519 13068 516 
2 4 6583 11435 11470 11494 
2 3 587 3547 11494 
1 2 9559 6583 
1 2 6560 516 
1 3 516 3576 11483 
1 3 11483 3536 11548 
1 5 485 6569 9534 11506 14904 
2 5 11420 454 9561 14906 11506 
1 3 11420 9500 11548 
1 2 11563 9434 
2 6 11563 9578 3549 9523 14904 11506 
2 9 6449 3579 11535 11521 553 3534 3549 14905 11506 
2 4 512 9725 14904 11506 
2 4 3671 9492 6533 512 
2 8 9495 527 3495 3509 11463 6547 9523 14904 
2 5 3552 6572 9525 11508 9495 
2 5 3671 9492 9478 503 11465 
2 3 11465 9510 6536 
2 4 6657 655 3659 3671 
2 5 620 3626 651 669 3671 
2 7 9737 11565 595 11582 629 11596 3671 
1 5 9737 11565 595 3598 620 
2 6 6766 11702 6775 11720 9717 9737 
2 4 740 6756 3737 743 
1 4 743 9710 6777 9737 
2 5 743 11697 11699 3749 6766 
2 6 6766 11702 6775 9734 9751 620 
2 4 9824 9853 3946 6960 
1 4 6766 943 9723 6960 
2 5 6960 9898 11877 958 11834 
2 2 11834 911 
2 3 911 3928 9909 
2 4 6788 3772 11891 9909 
2 7 11834 958 11713 762 780 3589 6613 
1 3 3594 11593 6613 
2 6 3594 9607 11576 6648 3621 620 
2 7 6960 760 11709 3754 769 9748 3594 
2 6 3594 9609 667 9644 6518 512 
2 4 6613 11794 648 3652 
2 6 3652 3669 3506 11491 14903 11506 
2 2 3652 9642 
2 3 9642 6698 698 
2 11 678 698 6698 9658 6531 3533 9490 3506 6949 11518 11506 
2 3 678 6529 9503 
2 5 9503 1346 3629 11502 9559 
2 4 11506 11518 11549 13011 
2 5 11420 454 3402 11549 13011 
2 3 11531 11502 9559 
2 3 11516 1346 9503 
2 8 11516 5291 6545 11732 551 6949 11518 11506 
2 6 6613 3589 6784 6609 9745 6780 
2 5 6788 771 9741 11730 6780 
2 5 6780 11730 9741 776 3780 
1 4 6788 3773 6790 3780 
2 3 9620 6683 678 
2 6 3780 607 6635 636 9618 9620 
1 3 663 9638 9620 
1 3 663 11640 3692 
1 7 663 11623 6680 6678 9633 11618 673 
2 4 9515 9681 3703 9665 
2 4 9665 11651 704 11666 
1 4 9648 14356 6690 11666 
1 5 11666 6690 9679 6687 3673 
1 5 9648 9679 9650 3684 9665 
2 6 3673 3674 6673 3657 6656 11584 
1 3 6626 628 11584 
1 5 3673 3674 6673 11595 6626 
2 4 688 6708 3684 9665 
2 4 673 11634 3675 688 
2 6 663 11601 3641 9600 9584 3780 
2 3 603 3604 11584 
2 4 603 3776 773 3780 
2 6 673 11618 9630 11598 9598 603 
2 4 603 3776 11734 6606 
1 4 6606 6793 9582 11584 
1 4 3780 6790 9752 6606 
2 2 6606 782 
1 4 782 9924 967 925 
2 2 6788 6973 
2 2 9904 11751 
1 4 11751 6862 6875 11833 
1 3 11833 6946 6973 
1 4 9907 1616 6985 6606 
1 5 9907 9879 9750 6862 11751 
1 4 925 6926 9794 9904 
1 3 6831 9838 925 
2 4 11837 9784 6843 883 
1 4 883 6939 3966 6831 
2 3 819 11803 883 
2 2 11846 9904 
1 4 11846 923 9826 819 
2 8 9990 12066 3901 10027 3968 851 955 819 
1 2 11998 11837 
1 6 9990 12066 12098 10027 9856 11837 
1 2 4014 4159 
2 4 4159 1156 3857 10074 
1 5 11773 11874 11824 9772 6891 
2 6 383 3307 6412 9362 6345 9279 
2 4 11380 11082 161 6050 
2 10 9279 11376 9300 9410 9251 9329 9406 6397 9393 11380 
2 12 383 6331 3286 3375 3063 6188 9209 9109 11188 11082 161 6050 
1 6 9279 11376 6120 11160 11327 11215 
2 5 6296 6360 6229 14275 9483 
2 4 9483 6342 6222 9340 
1 3 9483 3354 9262 
2 6 3320 9295 11342 11226 11358 310 
2 5 310 7482 14277 10323 9340 
2 5 514 573 469 9414 11542 
1 3 3583 9457 11467 
1 3 11666 6739 9692 
2 4 9692 541 3484 11539 
1 4 11539 9551 9567 3583 
1 4 11539 581 3550 3581 
1 7 9692 541 11679 6561 9690 14894 9660 
1 7 11666 3700 6720 9676 11663 14893 9660 
1 8 11581 9611 6672 3670 682 6703 14893 9660 
2 4 11581 3654 6650 9627 
1 3 6626 599 9627 
2 6 9648 9646 596 3654 6650 9627 
2 5 11581 3654 596 9646 9648 
1 6 619 3623 6670 11625 14891 9660 
1 5 11581 624 9595 6647 619 
2 4 619 3617 11580 11586 
1 4 9606 11787 3617 619 
2 3 3601 3592 11581 
1 5 6626 599 11735 11564 3601 
1 5 3601 6611 984 3974 3924 
2 6 3882 11832 9906 6953 9756 9602 
2 4 9602 6634 11583 11586 
1 5 657 6677 11603 14885 9617 
2 18 9548 6761 744 3741 6747 9701 11652 9651 3663 14888 14886 14883 14884 14885 14887 14888 9617 14883 
1 6 3639 637 3645 11657 3649 9606 
1 9 3663 660 6695 6709 11639 676 11622 693 6711 
1 3 6711 3709 3696 
2 7 3696 11644 699 6716 716 14892 9660 
1 3 746 713 3696 
1 6 3581 6586 3565 11691 3548 746 
1 2 6314 3288 
1 3 9483 3354 6314 
1 4 6332 11265 348 3288 
2 7 9340 9240 9317 11291 6381 496 3152 
2 5 3152 11426 11127 11443 4640 
1 7 4640 126 3120 181 11080 6174 3151 
1 4 11105 6108 9194 3083 
1 4 3151 3060 9100 9206 
1 5 9206 6082 11056 9183 9073 
1 6 9073 67 9167 6144 9129 11105 
1 4 11370 277 6340 3320 
2 10 362 3380 3351 6347 6321 9290 6567 524 14879 14263 
2 9 6558 17 11515 493 9508 9400 14878 3544 14263 
1 8 6558 388 11232 279 3324 389 3380 362 
1 2 11467 6464 
2 5 9427 11430 6416 467 14263 
1 3 6464 9567 3583 
2 8 9427 11413 442 6499 6522 3434 9468 11479 
2 6 11479 9558 422 11441 6546 3392 
1 5 3392 9544 14300 402 524 
2 8 6103 9239 11471 3369 6378 377 407 11361 
1 5 6103 9239 6221 6270 9297 
1 3 3369 7239 9297 
3 4 6103 11374 221 271 
1 3 9297 11345 9315 
1 7 6103 11221 296 9322 364 11382 9315 
1 4 9315 11382 9269 11297 
1 5 6384 6335 6399 11332 11218 
1 4 351 11299 11378 9392 
1 5 11218 9350 9237 6395 3273 
1 3 9392 9383 3273 
1 5 3273 9383 6300 3150 11136 
1 5 3273 9383 159 11306 9075 
1 5 3379 13731 3242 3359 11293 
1 8 3379 13721 13723 13731 3242 13727 13726 385 
2 7 7394 9284 6313 9310 303 3342 11293 
2 4 3392 11247 14294 11301 
2 7 11301 11329 11357 11386 266 395 6332 
1 3 3320 9274 3393 
2 5 11370 11216 3759 11341 9304 
2 6 11301 14271 347 318 6359 9304 
2 7 11399 3559 3521 12562 524 14879 14263 
1 5 11399 6580 9494 536 11479 
1 7 3458 3559 3521 12562 524 14880 3544 
1 7 310 6459 3219 6326 6249 9323 11241 
2 4 11241 323 6293 11234 
1 8 11202 11097 3053 6139 181 11080 6174 3151 
1 10 11234 9331 320 9234 11109 117 6197 79 6174 3151 
1 7 14871 3358 11282 9302 366 11326 11349 
1 5 11349 6264 3235 9287 11234 
2 4 11370 294 11322 3331 
1 4 3331 11220 11290 306 
1 3 11241 9241 3331 
1 3 3331 14370 11271 
1 8 383 295 11070 69 147 3007 11184 6115 
1 7 9096 6151 9036 3094 9204 9103 6115 
1 9 6115 11078 9157 27 11037 3059 9170 6145 122 
1 4 11028 9157 11078 6115 
1 5 11028 9227 11206 9139 3022 
1 3 192 6055 101 
1 7 101 3095 11155 9226 9186 3104 9108 
1 11 9108 6083 6161 9220 11067 118 11185 6063 130 205 3108 
1 10 6050 9149 3182 11091 9117 49 9051 125 9035 3108 
1 4 9197 11068 149 3151 
1 7 9197 70 11059 11153 6057 90 11159 
1 10 11159 9118 3033 11092 155 11175 6021 94 9195 3189 
1 9 3189 86 3008 9162 3121 6181 9201 11117 3134 
1 8 11105 9129 11172 3025 6138 9038 6013 3122 
1 5 9073 11138 9056 9163 141 
1 10 11202 415 592 9485 6408 308 11291 9317 9240 9340 
2 4 11370 216 386 3350 
2 2 6373 3350 
1 3 6373 6344 9288 
2 4 11271 9289 3378 6373 
2 11 11399 6580 422 513 572 14363 6435 6520 11543 3470 6593 
2 7 11479 491 11427 438 462 6429 476 
2 5 476 9533 11464 11514 6593 
1 6 11479 6483 11411 11550 3743 9548 
2 6 476 9423 9576 754 741 11670 
1 2 11405 11437 
2 6 11437 453 472 3449 3466 6474 
2 6 9417 585 3587 3765 3752 3734 
1 4 3734 9696 3760 719 
1 3 3672 3682 3668 
2 6 7661 7495 4458 7624 4463 3668 
2 6 3653 772 654 9626 1530 1599 
3 9 1599 11708 1539 11674 11645 4477 4614 1536 7661 
2 13 3672 9647 685 11633 714 9691 9694 735 9709 6781 3587 585 9417 
2 2 413 3527 
1 7 418 11397 3557 11504 6507 6478 6451 
2 12 11504 559 9519 11530 9543 11557 13398 14876 525 13392 13398 525 
2 8 9288 546 9506 3480 11489 6458 14877 13398 
2 7 11489 6508 9566 3225 288 3306 3335 
2 11 9355 9328 9260 3580 558 9518 14134 6517 9449 14620 418 
2 5 9355 9411 11242 3292 6262 
2 6 6262 6396 6290 9348 6414 6380 
2 3 413 6341 6398 
2 4 6398 6230 6279 3356 
2 7 3356 9330 11268 9282 9348 6414 6380 
2 7 3578 3426 9460 433 11408 3465 9422 
2 7 6398 6369 9339 9312 11436 471 9422 
2 7 121 252 6356 9278 14869 9378 6380 
2 7 121 9122 11099 2 9168 2996 9131 
2 4 9197 70 11174 3140 
2 10 3140 172 9107 3163 11083 160 81 9207 11189 9131 
2 3 11344 3303 11375 
2 11 11344 9407 6410 6362 3339 214 11217 9235 3290 301 6380 
2 7 9422 313 3304 6353 6382 9409 9258 
2 6 9258 9286 6391 11262 11394 11344 
2 9 11344 11277 3352 6374 6253 9373 11356 11243 6338 
2 11 9258 9286 11269 3317 286 3276 6302 6226 6275 9243 11225 
2 8 11225 11348 393 3357 3330 6515 9420 12128 
2 8 11225 11377 11256 3265 4324 4283 1305 1278 
2 7 1278 12117 10142 14309 14306 12157 9292 
2 5 9292 1233 12287 10133 1821 
2 7 12128 3563 4322 1254 4294 7370 10253 
2 8 7375 11228 237 361 3280 7320 10133 1821 
2 13 9131 2996 11143 143 3135 9200 11075 73 3066 3103 6089 9214 6124 
1 5 7477 7563 4599 12491 12333 
2 5 1821 9553 1543 10189 4824 
2 4 9292 1327 14307 1292 
1 3 3325 3277 399 
1 3 3325 3277 6364 
1 3 11366 332 399 
2 8 1292 1775 1294 12521 4780 7800 1709 10696 
2 9 4824 7846 7774 3472 14319 10600 12652 4700 10696 
2 7 10696 12546 12679 1733 1860 7825 7274 
2 10 1459 10601 10187 11687 10187 7682 4686 10366 7501 1554 
1 6 12333 8099 10414 1649 10470 1554 
2 8 7274 4866 7757 12631 7886 10712 10639 12691 
2 8 12691 12621 1876 1813 10549 10661 12540 4797 
2 10 4797 1762 4837 10528 4766 12507 7860 10683 7786 4677 
2 9 957 6989 11750 6684 664 6686 11643 10466 12189 
3 7 10125 12097 7087 14688 9998 14692 1182 
2 8 11985 10052 1092 11946 7212 12031 7072 11960 
3 11 11985 7050 1191 14682 7145 1167 10055 14686 1136 14684 11960 
1 3 7110 1025 11985 
2 5 11960 4142 4172 7102 10032 
2 7 7169 1024 4118 7016 4100 4188 1182 
2 6 7169 12056 3848 14709 6873 3962 
2 10 10032 10128 12007 14703 1117 11930 4067 1063 9865 14709 
2 7 12007 11989 14699 10015 14697 7187 10125 
2 4 3962 14711 7532 10444 
1 3 10444 10512 12421 
2 6 11948 10110 4126 14231 14232 11977 
1 3 7260 7344 10201 
2 3 6785 12369 5015 
1 8 7622 10498 7451 10374 4476 7546 1550 13216 
2 5 6464 506 584 11428 9508 
2 5 9508 11492 548 3230 3295 
1 4 3295 3324 389 362 
1 2 3295 6347 
1 4 12364 1555 4573 7621 
1 5 12364 10402 12394 12409 1639 
1 4 12364 10402 12394 10418 
1 7 12364 12351 7550 8208 5184 12970 8215 
1 3 8215 10992 650 
1 2 650 8222 
1 5 650 5191 8194 5228 11000 
1 3 11000 5146 12994 
1 3 12994 8217 5131 
1 4 12994 8231 2174 12930 
1 4 650 8229 8251 5121 
1 6 1639 12494 10935 10981 12349 10953 
1 4 12364 12351 7550 7500 
1 3 7500 10985 12942 
1 5 8187 10943 12453 10515 12364 
1 6 7500 5163 10975 8255 5143 8216 
1 4 5131 10952 13195 5230 
1 7 8216 11001 10965 2224 5229 10987 12930 
1 3 12930 8157 5230 
1 3 5230 13195 13086 
1 2 2210 2182 
2 4 9570 6462 9511 11467 
2 4 3458 6416 11430 9427 
2 3 9817 11673 6734 
2 4 321 11305 9320 9347 
1 6 3522 9238 9264 9294 11305 321 
1 6 3522 9238 9264 9294 9320 9347 
1 8 3022 6038 3111 11049 3162 11052 46 3108 
2 7 11542 9429 583 421 6562 3414 3583 
1 4 3583 3414 6562 3569 
1 5 3569 557 3718 6739 11666 
2 6 11542 9429 583 421 6562 3569 
1 10 6928 3981 3852 11878 6922 959 6822 898 6944 9897 
2 10 4725 7763 12657 10678 7851 12543 4832 10559 7725 4677 
2 8 3585 6418 9421 9541 543 6552 9527 11666 
3 4 11542 6440 3418 3585 
2 6 3585 6470 11404 3474 9416 11544 
2 3 9315 6318 6384 
2 5 9315 9379 9332 11270 351 
2 5 6583 9418 9444 3516 516 
2 5 13011 9472 13081 3516 516 
1 7 11459 500 509 9516 533 9504 3529 
1 8 11408 9564 3539 11485 9436 3582 9504 3529 
1 3 6747 723 3707 
1 5 560 11503 6579 6520 6435 
1 4 3707 11686 13212 754 
1 6 754 3757 3575 6597 409 3452 
1 5 6344 11355 11298 9396 11230 
1 6 3122 11065 3172 66 195 11121 
1 5 9206 11162 3050 6150 3187 
1 12 3187 3030 9061 3068 9169 193 6146 11079 9233 9106 6212 11121 
1 5 141 6078 9104 3125 6146 
1 4 9056 11033 3119 6138 
1 9 9108 6165 6125 9147 11125 11164 11081 158 11121 
1 8 3668 6701 700 6748 3726 6758 11706 9753 
1 9 9753 6620 11429 9455 6486 6516 520 11474 3529 
2 5 1562 13671 7517 11757 9814 
3 8 9814 13297 13302 13299 13296 11859 13341 6881 
3 4 6881 986 3840 9637 
1 3 9637 13347 9671 
1 3 9671 13293 13291 
1 4 9671 3678 13362 9713 
3 4 13362 13359 6876 4518 
2 7 4518 13365 9911 9855 13343 13303 9814 
2 6 13365 13672 13638 10387 11795 12303 
1 4 13343 11795 13370 7986 
1 7 13291 677 13345 6757 9730 610 6772 
1 3 9713 13349 13350 
1 6 13350 13348 13358 766 13339 13340 
1 6 13340 3588 13670 3471 10151 4274 
1 5 10387 13353 4799 13855 13879 
1 5 13886 13887 13884 13883 4865 
1 5 13883 4865 13897 14835 12535 
1 6 13883 4865 13897 10582 9695 12607 
1 6 4274 4328 13557 3513 12211 4380 
1 4 4274 7398 3513 13543 
1 5 13543 13542 10271 7386 7315 
1 5 7315 7442 10155 10327 1690 
1 5 1690 10198 1320 7414 4428 
1 6 7315 13677 13675 10157 4428 1408 
1 5 12765 1793 13535 13533 13529 
1 4 7986 13368 8115 13525 
1 4 10624 7880 10706 4759 
2 7 13460 13461 13464 13471 13472 13381 13378 
2 7 13378 13379 12782 13451 13447 13441 13442 
1 6 13442 13418 13415 10894 13439 10740 
1 3 10740 13414 13376 
1 7 10740 13439 4955 13453 1998 13457 12301 
1 7 13378 13410 13382 13433 13430 5061 13432 
1 8 13378 13410 13383 6987 13429 13427 13426 13422 
2 5 6785 2042 4884 12410 10337 
1 8 10337 1500 12313 4507 4535 12398 13513 7552 
1 8 7552 13514 13512 13511 13517 1643 13516 12401 
1 3 12313 1528 12401 
1 3 12401 6968 5001 
1 3 12401 13515 13519 
1 4 13588 10410 1559 13519 
1 4 10410 13590 13594 10449 
1 3 10449 13518 13517 
1 3 13588 4565 12429 
1 3 12429 1615 4464 
1 6 4464 7524 13511 13512 13514 7552 
1 5 12429 8110 1587 13600 13596 
1 3 10410 4510 1646 
1 5 1646 10477 4597 10370 1534 
1 5 5001 1503 10355 1646 7797 
1 6 13596 12735 4594 9996 13615 13611 
1 5 13611 13613 12384 638 13625 
1 4 13617 638 13623 13622 
1 4 13622 11509 13609 12735 
1 7 13596 12735 13609 7422 13604 13605 492 
1 3 492 4756 7480 
1 4 13618 7612 13619 1433 
1 3 7797 7464 13592 
1 5 13592 11717 1587 13600 13596 
1 4 13821 13825 11731 10233 
1 5 11685 9684 6769 11669 6710 
1 4 13835 13837 13838 6710 
2 6 6713 11641 695 691 11656 13835 
1 2 695 9684 
1 3 1433 1480 13316 
1 3 13316 1480 11975 
1 4 1433 12325 7640 492 
1 6 6710 9724 9711 722 774 3763 
1 5 722 9667 13837 13838 6710 
3 7 13976 13974 1595 10448 1881 13562 13563 
2 6 9450 13874 9682 7611 12497 12697 
1 5 4569 14850 12346 4625 1646 
1 10 10706 7877 12566 1836 7862 14847 14846 4880 12667 12577 
1 4 4759 12685 1752 3719 
2 10 9450 13874 9682 10461 1655 4508 1604 13970 13559 13904 
1 5 4464 7668 7480 10520 13317 
1 5 13317 13318 10352 10380 10407 
1 5 10407 13322 1556 13326 12381 
1 6 12381 13326 13328 13327 13910 7388 
1 14 12381 1572 13329 866 10489 13334 9834 13847 13844 13846 1843 1913 13335 13337 
1 3 7388 13911 13331 
1 3 13331 13328 13329 
1 9 12381 13324 1480 13619 7612 13618 13617 13616 13625 
1 4 689 11656 13839 6710 
3 9 11800 13805 11789 11769 11758 6929 13307 13311 13310 
2 5 7646 10343 13811 13878 3823 
3 6 3823 6846 13812 873 13305 13310 
1 8 5090 10909 7791 913 1582 13568 9727 1445 
1 5 913 9779 4627 7466 7646 
1 6 13611 5090 9949 1485 4653 13628 
1 5 13628 13629 13637 7138 13572 
1 7 11975 10465 13636 3994 7527 13629 13628 
1 7 7202 10047 7134 4491 13637 13629 13628 
1 8 13628 4653 1485 9949 13583 13584 7791 913 
1 5 13572 10096 10495 8014 913 
1 6 13572 13573 10081 13578 9931 10412 
1 4 13578 7045 13581 1132 
1 4 10412 11841 13814 3823 
1 9 7202 10047 11927 7083 13581 11783 6943 14399 788 
1 7 3687 9662 11648 3880 702 6872 9804 
1 4 9804 11785 6869 6845 
1 6 9804 3847 6929 13307 13311 13310 
1 3 11654 749 3763 
1 8 11654 734 3733 3747 9708 1436 14398 9693 
1 6 9708 6916 9754 3602 7345 4345 
3 7 6845 13808 13809 11782 6882 13260 3878 
1 6 9693 9673 6911 13260 3878 13260 
2 10 13260 3878 13260 9847 6909 9850 11830 3906 6732 3712 
2 10 3878 13260 6911 3806 11665 4445 13862 7629 10481 10230 
2 11 9850 908 718 3715 3712 3732 7462 12459 10318 1282 4287 
1 5 4345 4417 10230 12202 12459 
1 5 9693 11722 10381 11662 7345 
1 9 11654 9664 11680 3697 862 9820 11799 3863 6882 
3 7 13310 13308 13313 6984 9758 3824 6845 
1 5 1408 1858 10273 1323 10644 
1 4 10644 1411 917 7858 
1 12 7677 7853 10273 10258 10228 10548 1799 1872 13203 10707 4848 13091 
1 4 1408 4413 7753 7677 
1 6 7677 12578 4877 4765 7787 3706 
1 4 7787 3010 12166 7348 
1 3 3706 1262 1854 
1 5 4739 11440 10684 3706 1262 
1 4 4739 736 1671 12682 
1 4 4739 10611 12603 4759 
1 4 12603 12663 3481 736 
1 6 12603 1788 3721 12688 4872 4426 
1 4 4426 4875 1769 7899 
1 8 7899 4775 10718 1782 4869 7366 9467 6510 
1 6 9467 3640 11728 9585 6607 3775 
1 2 3775 3763 
1 7 3775 6797 9580 11567 3605 6625 3778 
1 6 3605 3608 11585 9634 6676 6510 
1 4 3778 1341 7435 9601 
1 3 3778 4270 4345 
1 3 9601 7291 12223 
1 4 12223 4419 983 1764 
1 4 10230 10174 7433 12149 
1 7 10174 1284 12291 4362 634 12289 4285 
1 5 4285 1424 7304 7644 7361 
1 6 12223 7893 1657 10715 12600 1785 
1 6 1562 12461 12833 2069 10848 4908 
1 6 10848 8012 5071 13936 13937 12745 
1 4 8097 13935 12745 10830 
1 4 10830 4898 13938 8057 
1 5 4908 4977 1945 13938 8057 
1 3 10830 12850 8003 
1 3 8003 7973 12835 
1 4 8003 10853 12804 10172 
1 6 8057 10895 13939 12746 2051 13089 
1 3 13089 4887 8032 
1 4 4887 10832 13929 13930 
1 4 10172 2008 12755 1965 
1 3 13930 13931 1965 
1 3 1965 2011 4956 
1 4 4956 1952 7973 12835 
1 3 12835 10769 5015 
1 4 7973 1952 10172 4956 
1 5 13929 8089 10773 8236 12753 
1 6 8089 12810 10889 2021 12867 4904 
1 3 4904 4965 12715 
1 4 1965 7913 5021 13088 
1 3 13088 10769 12835 
1 2 8097 13376 
1 4 12835 13933 13934 13432 
1 2 13422 5015 
1 6 13442 5038 13436 1954 12897 12850 
4 6 10068 11822 14928 11761 1134 7109 
4 21 14928 9969 11996 11980 1084 7189 1069 4037 10043 14205 7025 11973 1161 11916 7094 7222 1146 4148 11913 11982 10076 
2 11 10068 12043 1052 3900 11886 6837 9835 11764 964 3783 1150 
4 6 10397 952 9776 14926 14930 11822 
4 12 1150 6851 6918 9854 3970 3839 3895 9885 11771 987 9781 11764 
3 8 11771 11808 916 4642 4572 11744 7652 10433 
3 7 10433 9782 7591 10376 3791 9766 783 
1 3 9766 973 9897 
1 3 3839 6910 6860 
1 5 3895 6804 6868 945 9848 
3 11 945 9759 9803 11781 9841 11823 3929 944 9897 3944 11879 
4 8 944 11862 9883 946 6947 7663 1567 4572 
2 8 9766 11906 12482 7670 10463 9623 12342 4551 
2 3 10463 10519 6863 
3 10 10433 7582 4506 12485 1847 10567 7873 4809 12537 7848 
2 2 7848 10541 
4 15 11771 6951 6893 9927 6852 3828 11855 7633 9873 814 6969 881 3955 14930 11822 
2 5 10567 13150 4745 7743 12690 
1 3 1847 4876 1502 
2 6 4506 1645 4592 7897 7613 1693 
2 4 9782 12412 4649 7767 
4 11 952 4495 6988 7575 3978 1508 12478 3877 1638 930 4572 
3 10 6988 10499 12348 7648 10363 7578 10429 12469 7812 1502 
1 4 7812 1627 1499 930 
2 2 4551 10521 
1 3 957 11879 6944 
1 13 6928 10083 13680 848 11958 1148 7021 12011 11912 7121 14237 14235 4056 
1 6 4056 4086 14229 10085 14230 4126 
2 6 11977 7204 7221 14244 13691 13692 
2 16 13692 13693 7125 13695 13697 13698 13702 10065 13703 13705 13709 4052 9790 912 11835 6860 
1 3 783 3977 957 
3 9 4766 10554 4801 7752 14810 7749 12612 4655 12448 
1 3 10554 12605 1859 
1 4 12612 4856 10632 12539 
1 5 10632 4729 12686 7752 4801 
2 5 10683 12665 10708 12557 12690 
4 9 10068 4137 11944 11980 1084 10102 12074 7089 10000 
4 4 10000 7105 1200 4205 
3 2 10102 4089 
3 2 10102 1069 
3 4 1069 7189 7437 11980 
4 6 10000 4157 9971 1029 4082 7142 
3 10 7142 10095 14180 1089 10076 12052 7014 12076 4042 7191 
3 5 7191 11991 1096 7058 9974 
4 21 9974 10058 1168 4013 1055 4099 10069 4169 4196 7027 11986 7071 10010 10093 9938 9978 7067 4050 14186 7108 10062 
3 13 10062 7108 14941 1047 14938 14940 4189 14939 14185 14938 14940 14938 7152 
3 13 14185 11938 9963 7039 11981 7135 4160 1070 11990 994 11963 1038 1070 
4 6 828 10397 6904 14927 4140 1134 
4 2 6904 9776 
3 5 828 12403 7545 7048 12331 
2 6 12403 10424 4525 2087 10629 12880 
2 3 12880 8055 8127 
1 13 4709 10545 10614 12524 1838 12820 12596 5076 2028 5100 12776 14175 8127 
1 3 4709 7737 4788 
1 5 4709 10674 1783 7850 12601 
1 8 10545 7792 10885 8086 5016 7790 2015 1766 
1 5 1766 5087 1970 8112 5042 
1 9 7135 11981 10105 7192 12023 10050 7137 4177 10004 
1 3 1018 11926 7137 
1 6 7137 4077 10459 1625 1172 1196 
1 2 4077 1469 
2 10 1172 1653 12282 7446 1319 4559 7965 12898 10863 4425 
1 4 1196 1114 4501 10346 
1 2 4501 12282 
3 6 12023 7044 4152 14187 7128 7210 
3 10 4196 1166 10042 4113 1138 10084 1006 12084 7131 7071 
1 2 11986 1166 
3 4 4169 10042 10012 7054 
1 3 3992 4038 7054 
4 4 10076 1089 11982 11913 
3 7 4157 1154 1124 7200 1076 4123 7142 
3 9 1029 7200 9956 11973 9995 7085 10098 4066 10364 
3 14 10364 1004 1603 6932 12713 14203 5007 8049 4939 3745 1985 3742 14213 8127 
1 4 1985 6638 1630 12732 
1 6 12732 10490 10750 10796 10834 7940 
2 7 7940 4914 8037 10918 7926 4994 2014 
1 4 4994 2014 8121 1991 
1 4 12732 12327 14214 5100 
4 13 10068 4137 9969 11996 7109 4190 14212 1188 7092 9987 11933 7129 10098 
2 6 4939 10880 4986 12706 3427 7659 
2 6 7659 4074 12300 10507 12432 12403 
2 6 4074 10367 1531 1034 1575 6932 
3 9 4169 10042 14195 4070 9944 11947 1195 7146 10058 
3 9 9944 1066 7054 11961 9984 4083 7172 14193 7199 
3 2 1055 1195 
3 4 1195 11920 12059 11991 
3 6 7054 7007 7174 10086 10014 7191 
3 6 10008 14179 7094 11916 10040 7085 
4 8 10008 1146 11994 1099 1171 7104 1125 10086 
3 6 10040 1161 14181 1001 7181 10095 
3 3 1001 4005 4123 
3 15 1603 4547 4519 4009 9934 7625 7167 14177 9959 7637 7035 1083 12061 11994 1146 
1 7 1006 7099 7141 1078 1162 1202 14941 
4 3 9938 7182 7141 
3 6 4038 4185 1153 10044 11937 1171 
1 2 1099 11913 
4 2 4091 1089 
3 8 9959 14177 10462 10446 7568 14178 7540 4066 
3 12 10008 14179 7094 12036 10064 4158 10434 14178 7540 12012 7508 4547 
2 6 12156 14204 8049 12356 7314 7659 
1 5 7418 7406 7301 1976 12156 
3 7 4009 10474 7596 7948 11865 1893 6999 
3 13 4009 7580 10446 12426 4158 10064 12036 7094 14179 10008 4001 14180 10095 
3 5 9970 9942 7004 1053 7199 
3 5 1047 12095 14188 1120 9970 
3 10 9970 9982 14192 1448 13143 1640 9999 4631 4619 7167 
1 2 4925 8026 
2 6 8026 12767 7256 4295 10257 1976 
2 6 1976 7301 14203 5007 7208 1034 
3 6 8049 12356 1458 1531 4634 1519 
3 4 1519 4538 12062 1188 
3 9 1519 12344 1203 1438 1027 10480 7158 1590 10397 
1 5 7137 7650 1597 4152 7044 
3 5 10039 10404 14190 7095 1597 
1 6 4504 1884 4532 12436 10431 10039 
1 12 12068 13965 13966 12027 11959 13968 7214 13967 13961 14936 7186 13961 
2 7 13961 14936 7186 14937 13963 13964 13967 
3 8 10404 12407 12053 10377 12310 12483 7097 1640 
1 2 7965 8126 
1 2 10346 1383 
2 3 1319 4192 4504 
1 7 4192 12841 7294 2067 12819 12141 4925 
1 3 4925 7240 6999 
1 4 12436 7549 7577 1474 
1 7 1474 9939 14173 10763 11972 12705 12819 
1 3 8026 2030 1893 
2 3 4925 10132 4375 
1 2 12141 10841 
3 14 1319 7294 2067 10841 9966 4375 1257 2045 531 7911 1933 1647 517 4939 
2 5 7101 7279 4896 10822 9939 
2 3 7101 10517 7097 
3 5 7101 7434 7201 5030 7948 
2 4 531 12882 2022 12732 
1 2 2028 4783 
1 5 12880 7803 10899 10770 2028 
4 5 7039 12077 1187 7152 1047 
3 4 12095 10080 10121 7210 
3 4 7210 7128 1023 10404 
3 7 10105 11983 1131 1087 4092 7128 7210 
3 4 7210 12378 4125 10377 
1 9 9604 9589 1267 9733 1343 12136 3963 7266 12189 
1 9 12543 12660 7785 4675 12565 10714 4726 4798 10701 
1 13 10549 10664 4815 12647 1829 1707 10524 12575 4835 1761 4762 10681 4675 
1 3 4815 7769 1803 
2 4 4745 4852 4719 4677 
1 11 7680 1779 12528 4800 1702 7819 1676 10646 7731 7713 1813 
1 8 3472 14319 7681 10659 12639 12542 12672 1784 
1 2 7837 12672 
1 2 12263 12136 
2 5 4725 10655 7801 12678 12261 
1 3 12261 675 12263 
2 4 12189 4805 7672 12678 
1 10 94 9045 3078 6159 11038 3092 9248 3168 312 3338 
1 4 312 6102 6051 3031 
1 6 3031 9187 9130 183 9101 11061 
1 9 11061 3081 7330 11200 154 6177 9121 11182 6040 
1 2 6040 14289 
1 3 6040 11119 198 
1 3 1784 12574 10592 
1 3 714 6692 11617 
1 4 714 9649 11664 654 
1 3 11599 672 11664 
1 13 9753 11736 3622 11578 615 464 3618 9453 11591 12235 1247 4254 10253 
1 8 4324 7343 12270 12298 1210 14298 4261 10224 
1 16 1733 4806 10202 4685 7317 1375 10308 10211 4238 4309 1276 1303 12170 12198 10196 10224 
1 3 1185 4075 4119 
1 3 4075 12048 1157 
1 2 12048 1073 
1 3 1114 12008 1073 
1 5 12048 7015 9948 4121 1469 
1 23 1423 1396 4401 12232 10232 12204 1285 10162 12109 7380 4334 1300 4255 10137 10309 4379 1302 7280 12297 4397 10016 11936 1185 
1 2 1605 10162 
1 2 4401 7238 
1 6 10317 7376 12260 4330 10204 7238 
1 5 4330 4639 1324 4302 4251 
1 3 12210 10238 4539 
1 8 1464 7356 7075 4613 12433 12392 10776 1383 
1 6 1244 4433 7225 12224 10293 4251 
1 5 12224 7408 1427 7587 4348 
1 2 1427 7367 
1 10 7408 10250 10221 12173 10411 10398 12345 7531 7492 1488 
1 2 12345 7353 
1 5 12402 10425 12388 4582 10221 
1 4 10411 1357 12373 12388 
1 3 7516 12360 12373 
1 13 1279 12131 7236 4371 1337 4312 12201 1281 1308 4388 12220 12122 1427 
1 2 12201 12230 
1 2 4371 10156 
1 11 10217 4275 12292 1385 1315 7295 12125 1403 4336 12127 1330 
1 4 7254 12197 10267 1330 
1 4 12197 10154 10283 10344 
1 3 12127 4293 4336 
1 6 4293 7441 4654 1607 4585 1492 
1 6 1566 2061 14909 7603 1607 4585 
1 6 2061 14911 4210 5009 12262 1383 
1 7 1492 7469 12492 14915 12464 1082 4425 
1 5 1082 10920 14914 12363 4210 
1 7 4454 7534 7163 4541 4202 12404 1492 
1 5 1014 4147 4019 7034 4202 
1 4 7034 12449 4626 4654 
1 5 13790 13913 13918 5024 12702 
1 2 5024 10791 
1 5 12749 10850 1955 12702 10791 
1 5 10791 4932 13251 7960 10904 
1 2 8051 4932 
1 2 8085 1955 
1 5 4115 11976 4591 4574 7151 
1 10 10106 10804 1549 1578 1634 1606 7671 13652 13650 13651 
1 4 7151 7170 1074 4111 
1 8 4111 13662 4550 1056 13900 7671 13653 13651 
1 6 1056 7140 10087 1088 13643 13900 
1 4 4550 12442 7513 2013 
1 3 10087 1108 792 
1 3 792 13290 11919 
1 8 7079 9989 11967 10061 11910 1071 4145 4076 
1 4 7011 10073 7164 4076 
1 2 10073 11964 
1 3 1130 9992 7082 
1 3 11954 4120 1127 
1 4 1149 4194 7209 9980 
1 3 11969 9994 4163 
1 4 11969 7180 1046 4061 
1 5 11921 10026 11935 10082 3987 
1 4 11921 7162 10091 11969 
1 3 7162 7077 4061 
1 2 10026 7005 
1 5 7132 4150 7008 13074 12842 
1 5 1145 9964 1013 11923 7132 
1 7 1145 11939 7166 4046 10078 12051 7081 
1 4 7081 11953 1141 9943 
1 4 1013 11923 10045 13074 
1 5 1145 4146 7040 4018 1126 
1 4 4046 13077 7149 5053 
1 5 13077 7065 9976 11953 1141 
1 3 1013 9964 7040 
1 5 7069 10070 1194 10113 9945 
1 7 10070 1079 10023 4139 4108 7203 12857 
1 2 10070 7100 
1 8 9945 12087 10013 4097 1111 989 4116 7132 
1 3 1111 4154 7958 
1 3 5034 7992 8035 
1 6 4948 7972 2100 2012 10829 12751 
1 3 4948 12710 5034 
1 8 8008 1909 12858 12747 12891 12834 4989 7972 
1 5 8006 7959 2094 2038 1909 
1 8 2025 1932 12817 12731 2050 10919 1951 12785 
1 4 8021 10820 14492 5028 
1 7 2080 5036 6039 9137 7978 4889 10820 
1 3 2046 7989 12725 
1 5 2046 12826 12881 10784 7987 
1 2 10739 8052 
1 3 12766 12723 5017 
1 5 5199 5221 1846 10988 12967 
1 3 2196 8205 12967 
1 2 12911 12967 
1 6 8205 12911 10932 8144 2220 4171 
1 3 10932 11017 10860 
1 3 9962 4171 10932 
1 2 8144 2176 
1 5 5199 7872 1874 4851 2151 
1 2 7872 697 
1 3 2151 5177 8245 
1 6 4851 10525 8214 14441 14438 1509 
1 2 5189 4528 
1 3 5189 10963 2229 
1 4 10963 4879 7770 12519 
1 2 4879 10978 
1 2 10993 8180 
1 3 5222 5128 11015 
1 5 1127 1198 4057 12088 10117 
1 4 5160 12929 8223 7133 
1 3 12929 12989 7088 
1 5 10362 12496 1613 1626 4604 
1 4 1613 10502 12468 12453 
1 5 1896 12793 4553 7969 10837 
1 3 1896 4755 7604 
1 7 7969 8125 8040 5050 13246 7953 5005 
1 6 10828 1963 2026 5067 1982 8125 
1 4 7982 13245 12780 10828 
1 5 10828 10759 10890 1888 5029 
1 6 10837 8093 11671 5073 1957 5029 
1 4 10828 11249 12809 12895 
1 5 1982 10922 12818 8093 7602 
1 4 11842 922 9833 11829 
1 8 11829 11811 6871 3951 909 3907 11784 11747 
1 4 6871 14345 3786 947 
1 7 4112 928 11898 981 3856 3983 909 
1 4 909 6877 11860 940 
1 7 6995 9900 11897 11826 919 14341 9777 
1 4 11826 11839 804 11747 
1 8 940 11792 869 14337 3870 921 6977 9777 
1 5 9777 9761 3890 6965 9860 
1 7 11842 9888 9862 6923 3937 3908 949 
1 5 9771 11754 793 3971 949 
1 10 3971 3952 3796 14353 9610 9612 649 9783 11597 657 
1 5 6923 6952 3819 6842 9612 
1 6 949 935 6857 6990 3936 11818 
1 2 9888 9902 
1 4 6990 9791 11774 11905 
1 8 11818 10163 3844 3973 3864 976 1109 4109 
1 7 4109 3988 7096 7211 4193 1173 11965 
1 3 976 11895 11786 
1 10 1292 10170 12185 4850 1391 1418 1680 1662 10633 1375 
1 10 1375 4333 7407 7405 7332 4764 10680 10550 12529 12601 
1 10 10550 10619 4845 1840 10547 10146 12583 7706 12640 10148 
1 5 7706 1825 4224 1591 4768 
1 13 6516 6525 11472 9513 6564 3515 11524 11552 576 11480 9528 7370 10253 
1 7 1517 11701 4523 10262 475 642 9453 
1 15 7370 9528 4351 1318 9462 508 11473 9549 410 9473 3551 6601 9432 11523 3578 
1 4 10414 10357 7491 5029 
1 2 6935 7604 
1 5 4755 4825 13257 12434 1536 
1 5 4755 6997 12320 12380 11708 
1 7 10278 12180 10152 1430 4321 7340 4280 
1 4 4280 7428 7372 10255 
1 10 10255 10001 11978 12462 10116 10088 12063 4104 4062 4245 
1 4 10278 7436 1268 10149 
1 4 1268 8067 7363 10274 
1 5 10274 10130 7288 7402 1321 
1 2 10130 1409 
1 4 1321 1238 7447 10274 
1 10 7447 7391 10190 7244 7395 12208 1273 4395 7232 12269 
1 2 12269 10270 
1 2 10270 1349 
1 4 8087 1317 1275 4280 
1 2 4883 10030 
1 5 10030 7619 10171 12114 4280 
1 3 7395 10208 5032 
1 3 5032 10799 7250 
1 4 8011 12734 4420 7436 
1 4 8011 8100 1412 7244 
1 2 1412 7395 
1 4 8011 12146 4344 7244 
1 6 1317 10296 10756 4414 10897 12734 
1 5 10296 10259 7411 12295 4395 
1 2 7250 12295 
1 3 7402 4327 7265 
1 10 1349 7013 4187 7150 11952 9975 1144 1061 1190 7020 
1 4 4132 7207 10118 1144 
1 3 9975 1103 12886 
1 2 4915 2086 
1 6 2086 11955 10794 5086 12137 5055 
1 3 5055 7938 10332 
1 5 1349 7119 7060 7177 7430 
1 3 7430 10872 10030 
1 6 4883 12854 10401 1510 12480 10332 
1 5 10001 7090 9946 7574 10401 
1 4 10171 12490 12420 10401 
1 3 12420 1579 7090 
1 6 10088 10060 10428 4513 12375 7574 
1 4 7455 1116 12322 1996 
1 2 7455 12366 
1 3 12322 1525 12366 
1 3 12366 1497 10349 
1 5 12366 12395 1553 10514 7179 
1 3 4454 10090 10514 
1 8 5055 12777 9973 7064 7334 1541 10361 7475 
1 2 10361 4516 
1 7 7938 2005 1569 10471 1637 12035 1444 
1 4 10872 7205 11993 7150 
1 5 1142 9991 12010 11968 11929 
1 7 4245 1159 9935 7078 10035 4162 11929 
1 5 7593 4644 1609 12050 1159 
1 4 12080 2105 4950 10030 
1 5 4950 12799 4953 4410 7938 
1 4 12886 1147 4003 3456 
1 7 4003 4110 7084 1971 12792 10843 8007 
1 5 3456 10108 7049 10735 7084 
1 6 8087 10324 1359 12142 4353 10270 
1 6 1317 5104 7411 12295 10210 12182 
1 2 12182 10270 
1 2 12037 10118 
1 2 4090 7207 
1 2 10118 4090 
1 2 10212 12186 
1 5 12165 1313 1274 10322 4381 
1 2 7642 12277 
1 4 7642 10135 10491 4608 
1 4 4608 10479 12472 7654 
1 2 7654 4273 
1 15 10263 1589 10464 7598 4308 1561 12358 1098 4307 4262 1289 10169 7311 10197 10153 
1 4 12371 7529 10369 4509 
1 3 4524 12315 4468 
1 4 7798 1759 10637 10622 
1 6 7798 10553 10581 1667 1861 7859 
1 3 7859 12560 4763 
1 4 7859 4673 4864 12406 
1 10 7859 12435 1537 10388 7496 7664 1611 10458 10445 7564 
1 3 7798 7811 4791 
1 5 7811 4776 12932 12924 12910 
1 4 12910 7567 5225 8186 
1 9 12406 1537 10427 12377 11019 2114 8249 5211 5225 
1 4 1652 2157 5175 8228 
1 4 2157 10983 1526 10949 
1 3 8186 10927 8165 
1 10 8165 7623 11013 8237 12915 1478 1454 12104 4415 7669 
1 7 7564 10430 7592 1570 5227 2116 10941 
1 10 7564 7535 7522 4481 12308 10475 10487 10460 4560 7566 
1 4 7566 12382 8230 10936 
1 5 12308 1472 4632 5198 12949 
1 5 7522 4502 4546 4517 11006 
1 6 10949 8200 10969 2133 5138 8165 
1 3 8232 8241 2211 
1 4 2211 2203 5195 2197 
1 2 5195 8212 
1 5 2197 7839 4819 12632 1814 
1 5 1814 7826 1801 10609 4748 
1 5 1801 7692 4804 12617 12604 
1 3 12617 1786 10609 
1 5 10609 4718 7887 1565 4543 
1 3 8248 12981 7548 
1 4 12958 10966 5158 8248 
1 4 10966 2126 1552 8054 
1 4 12985 8138 12391 4735 
1 2 8054 1968 
1 3 3205 9364 6363 
1 3 11218 9314 11299 
1 3 221 11253 3287 
1 2 11253 296 
1 3 11293 7377 285 
1 2 3396 303 
1 4 6313 3396 11287 9255 
1 3 9284 6405 6289 
1 4 11371 11238 369 3359 
1 4 6313 11267 11237 3342 
1 4 12039 13264 1189 1149 
1 6 9980 1118 1041 4047 10046 10117 
1 6 11954 10123 12094 4151 1204 7082 
1 5 11999 1064 12071 1151 12002 
1 3 1151 12044 10097 
1 9 7011 12004 4143 1068 10031 7188 7030 11974 12044 
1 4 7011 3996 992 7117 
1 3 3996 7164 4145 
1 3 7011 10005 12049 
1 2 7011 4073 
1 2 12049 1155 
1 2 12049 9947 
1 6 1015 7176 13907 13218 13908 4206 
1 6 13220 13219 11970 13218 13908 4206 
1 5 4206 13905 1201 1065 13906 
1 3 13907 1086 7107 
1 5 3572 3473 537 6390 6334 
1 4 6558 3532 444 3473 
1 4 6558 3460 3510 9570 
1 4 9570 14253 3485 421 
1 4 3295 243 3381 17 
1 2 9290 6375 
1 4 6402 3351 9346 6375 
1 4 6375 9372 266 11386 
1 5 347 14295 400 3254 11312 
1 4 6499 11507 9521 11399 
1 7 6558 17 14262 9532 11558 9546 584 
1 2 11398 9427 
1 3 9427 3586 11428 
1 4 524 11385 11274 11301 
2 3 9427 14251 6464 
1 7 11505 9428 6441 3499 375 3367 11444 
1 2 11505 11444 
1 5 9294 11219 375 14899 6521 
1 5 3367 3258 11444 14901 6521 
1 4 3367 268 293 321 
1 3 6257 3231 317 
1 3 6570 9482 3398 
1 2 587 6570 
1 3 9517 519 6934 
1 3 11445 3500 6524 
1 5 9497 9441 9471 6559 469 
1 2 9497 6524 
1 5 514 14258 11415 14264 9496 
1 4 3673 3674 6691 3684 
1 5 3674 668 671 11634 673 
1 2 673 9652 
1 6 9527 11525 569 11556 9569 9421 
1 3 9677 9718 3722 
1 6 11670 3738 11703 11546 3403 3452 
1 6 11397 3455 3520 522 9477 6508 
1 5 3434 6431 6460 11411 11427 
1 6 3548 9563 9425 11411 491 11479 
1 4 3392 11528 6415 560 
1 3 3393 14369 400 
1 4 3320 6413 9359 9304 
1 3 9304 6280 560 
1 4 11234 387 9386 6326 
1 6 277 406 9341 358 6371 6326 
1 7 11370 11216 360 304 215 3203 6319 
1 3 657 9635 687 
1 3 11636 6706 11652 
1 6 11639 9670 9668 3689 11655 9701 
1 4 9670 9672 3694 6711 
1 4 6711 6714 11676 746 
1 5 3649 11592 662 9619 11622 
1 5 3696 6697 6682 11608 9606 
1 2 3630 9771 
1 3 3630 6652 637 
1 4 3639 14889 660 690 
1 4 3663 11619 690 3689 
1 6 6714 9672 6731 9685 11689 744 
1 4 11767 3884 9914 9875 
1 3 9914 9780 3896 
1 2 3896 9809 
1 2 9875 6900 
1 13 13012 3284 10767 10823 10912 7968 8113 10855 4526 5088 1997 12772 1944 
1 7 10767 1981 12716 4982 12828 10906 12885 
3 5 6984 13314 3957 13304 13310 
1 6 12461 1892 12859 7964 8119 12736 
1 5 4641 7632 7660 10484 4598 
1 4 10803 8122 10762 8006 
1 7 1951 12843 8039 12787 10862 12742 10803 
1 3 13230 12100 1111 
1 18 4241 7284 10328 1379 12188 1293 4269 1224 4373 1340 1311 4228 12279 1372 10306 12236 1221 10265 
1 2 12213 10241 
1 12 10265 7323 7351 7275 1415 4423 4233 7439 10252 4214 4101 12213 
1 5 10241 4368 4350 10167 4423 
1 3 4423 10165 7323 
1 2 1221 4288 
1 8 4241 1234 12158 4266 12116 4427 10300 7417 
1 4 7417 7389 4399 1421 
1 4 4386 4987 5310 1656 
1 2 4386 7334 
1 5 10106 1938 12372 12413 1631 
1 6 10106 14005 1600 3795 12046 2097 
1 4 2097 10793 8123 3916 
1 4 2097 7994 2004 8001 
1 2 2089 8001 
1 6 1189 4051 11940 4117 7194 7136 
1 2 7958 4933 
1 2 5050 2065 
2 2 7926 5033 
3 4 1640 11988 10114 1628 
4 5 10397 1489 7674 11752 12448 
1 2 4783 10689 
1 2 12539 12880 
3 2 12331 4655 
1 2 10541 12543 
2 2 1693 4725 
1 2 10521 12189 
2 3 7767 14183 1693 
1 3 6863 9798 6684 
1 2 10646 10627 
1 9 7243 7600 7657 12329 7597 12397 12340 10148 1459 
1 7 12791 3883 14019 4975 14026 14033 14038 
1 5 14038 14036 12684 14030 14025 
1 8 12765 6897 14816 1972 13981 14022 14028 14025 
1 5 14038 12684 10642 13959 12627 
1 7 13495 13493 13490 13492 10867 14026 14038 
1 5 13492 13489 2102 14041 13959 
1 4 13492 13491 3972 10702 
1 7 1747 7745 1875 12516 14067 14829 7852 
1 3 12586 10595 12667 
1 4 1875 7771 10569 10595 
1 4 1747 14077 3750 1836 
1 7 13949 13950 4760 14066 3613 14069 14067 
1 7 13955 13956 1827 3869 10535 13890 4865 
1 6 13955 13956 13969 7780 13950 13949 
1 5 12627 10588 13421 13951 13955 
1 9 13350 13346 14049 14052 14054 14049 4607 13853 12399 
1 10 13879 13857 13861 13849 12425 14045 4521 4607 14049 14052 
1 6 12399 14056 7827 14063 14834 12607 
1 4 1991 8029 10802 5042 
2 4 12629 4555 7648 12348 
1 8 4788 4849 10539 12520 10669 7773 1877 10627 
1 6 10680 7784 12635 4867 7890 7680 
1 4 1384 12250 8027 12805 
1 3 1384 1919 11687 
1 2 4851 10929 
1 4 2046 10900 12836 8105 
1 4 13596 13599 13602 5059 
1 5 5059 10824 14080 14084 14087 
1 3 12697 13869 1604 
1 5 13904 4402 12670 14086 14087 
1 6 10909 1758 14081 14083 14086 14087 
1 4 13563 13564 13566 1445 
1 5 13566 13571 13570 14094 14093 
1 5 7646 7588 10441 971 9760 
1 6 11800 13801 4442 14384 14103 14104 
1 6 14104 14106 882 3687 6707 11654 
1 6 14101 14102 3853 9825 14105 14104 
1 7 14101 14102 659 3685 689 11656 13835 
1 9 13976 13975 9796 831 11776 11760 14097 14100 14101 
1 6 689 11791 11760 14097 14100 14101 
2 3 9760 6855 14101 
1 7 14093 14092 4601 9775 14097 14100 14101 
1 6 9450 13877 13873 13872 14108 14110 
1 9 14110 14112 12357 9657 4166 4738 709 751 5205 
1 2 10233 5205 
1 9 12357 12456 10341 14111 4664 14113 14114 14117 14118 
1 13 3719 10618 14123 14124 12550 3699 10526 14111 10341 12456 12357 14112 14110 
1 5 3699 4029 9678 10599 4854 
1 2 4854 709 
1 8 14118 14120 1866 6752 10719 14121 10685 3719 
1 4 12550 1734 7896 1769 
1 7 3721 12145 1870 11667 12597 14125 14123 
1 6 12303 4727 11814 13541 1793 12765 
1 7 1815 7814 4610 7760 7880 10706 4759 
1 4 1747 14077 10587 7760 
3 5 6997 4660 14128 14129 11674 
1 7 13495 13496 3875 1915 7981 13404 13405 
1 6 12301 12875 13487 7981 13404 13405 
1 10 13387 13390 13391 13502 13479 5022 13499 13481 13402 13405 
1 7 13460 13459 5022 13499 13400 13397 13395 
1 4 13405 13409 13394 13395 
1 8 14035 14027 10702 4919 5085 9920 13407 13405 
1 3 13405 13409 2082 
1 6 13395 13396 3960 10778 6968 5001 
1 4 476 9481 14362 11490 
1 11 11437 14379 9419 11561 6451 3452 458 11438 3494 504 14875 
1 7 11490 504 14875 525 13392 3543 441 
1 3 13387 13390 10337 
1 7 13378 13380 13470 13474 13476 13385 13387 
1 9 13395 13399 13501 13500 10504 13503 13391 13390 13387 
1 9 13387 13390 13391 13503 7628 805 13506 6968 5001 
1 6 4574 4562 8101 10901 14149 2057 
1 4 2057 5027 4968 13944 
1 6 12455 13785 2027 2095 14147 12758 
1 2 1033 2095 
1 3 12758 13915 5027 
1 3 12758 13915 4968 
1 3 5037 13794 13795 
1 3 13944 12727 13790 
1 3 11976 4603 12455 
1 5 1631 4440 1544 7001 7151 
1 4 1155 11979 4161 13219 
1 8 9860 11797 9954 11853 6991 789 7454 3653 
1 7 9860 876 10399 9858 11880 7470 6935 
1 7 9777 6888 3921 6813 9893 13647 13651 
1 4 8073 14138 13945 8030 
1 6 5097 14167 5041 10907 7980 12714 
1 7 5010 14161 8036 13997 12714 7980 8124 
1 3 10734 8036 10775 
1 4 7079 10120 4136 1130 
1 3 12039 11957 7005 
2 5 9677 9680 6741 11668 719 
2 5 6103 507 9458 11446 3501 
2 6 9458 6489 3422 3463 540 6526 
1 2 3301 311 
2 6 377 3241 6301 3301 3205 6384 
1 5 13821 13823 14415 11669 6710 
1 4 1126 2049 7216 1901 
1 5 10046 7136 12866 12082 12022 
1 10 5231 14427 14425 14419 1833 4696 12547 12692 14417 10415 
1 9 14441 2213 14434 5231 14463 10697 12419 14416 12692 
1 4 4528 10415 12589 12547 
1 7 10415 14421 14422 14426 12419 14432 1509 
1 4 5106 2171 1494 8178 
1 4 10400 5106 1688 2151 
1 18 13086 2210 5202 2225 12997 12983 5190 8199 2156 5120 8252 8047 12798 10846 7936 14796 10790 10747 
1 6 12806 14497 10743 10784 2088 2046 
1 7 5060 10739 14498 2016 10795 14495 12806 
1 5 12927 14467 5079 14466 5160 
1 12 7133 14471 2096 14478 14473 14472 14477 10908 14481 14485 14488 8052 
1 7 12895 5075 12761 8013 14507 14508 5105 
1 5 10735 10813 7847 14509 5105 
1 11 4104 7220 1444 7593 7537 7475 1656 12338 10389 10349 7455 
1 3 1968 4515 191 
1 5 4515 1516 12795 9986 7716 
1 4 1516 1929 14531 14536 
1 5 14536 14537 14538 14539 2220 
1 4 14536 10858 8048 1950 
1 4 1950 14545 1181 9962 
1 6 1950 14546 14547 14567 14568 988 
1 12 988 7931 14570 12830 14577 14584 8078 9152 2081 7963 4997 5028 
1 6 1833 7576 14555 1468 8178 8245 
1 5 11541 3409 14132 14131 9518 
2 3 11503 11285 215 
1 7 6593 441 9568 3507 9249 6319 6344 
1 5 3203 6232 6556 11477 6593 
1 7 3527 11475 473 6432 11541 14616 14614 
1 6 11437 453 11452 14611 3531 418 
1 5 6474 14594 6505 14597 9461 
1 3 11459 9488 9461 
1 3 9677 6704 3686 
2 8 3686 705 3722 568 14374 737 11683 11546 
1 10 6445 3421 6420 14602 9571 14628 9729 14403 11700 6771 
2 6 9718 14404 6771 14624 767 588 
1 8 11405 14635 588 14633 3573 14601 11715 737 
2 3 9417 9430 6445 
1 4 9430 14592 6493 6474 
1 7 6474 3466 14607 502 6530 14614 418 
1 7 3519 14598 523 14613 11487 9531 14616 
3 20 7630 7617 4624 4611 12878 13087 13092 12738 14648 14654 12865 14663 14665 14664 12823 14659 14661 10886 14666 12753 
1 6 12865 14660 2031 2075 1988 13092 
1 3 4904 2077 14677 
1 7 4904 4991 14676 14672 14668 14667 10886 
1 3 14672 14673 14677 
1 4 14673 14674 14675 2031 
1 2 12753 12867 
1 8 7243 4300 4374 4303 1220 1371 12294 10253 
2 8 1554 4499 4618 1479 10395 7541 12474 10262 
1 8 3335 6252 11284 11235 11300 3263 6348 6414 
1 13 306 3362 6387 9272 11254 335 401 3327 3391 14865 6414 6380 14865 
1 10 301 11362 6316 378 280 3268 14312 6295 9389 11375 
1 10 11375 9368 270 3245 6149 9172 9050 11149 9370 6124 
2 15 6338 372 9514 292 9401 355 3214 6323 6388 4400 7403 206 12626 4372 7375 
1 4 5210 5196 10860 5160 
1 6 10400 14440 12648 14433 14430 14427 
1 4 4696 4822 14423 10697 
1 8 4102 1183 12006 11925 4164 7110 1158 9950 
1 6 11989 14700 11908 14698 1097 1182 
1 7 8030 12768 14721 5093 14142 13916 13790 
1 5 11952 7165 12743 1199 4971 
1 3 12080 4106 1199 
1 4 4106 10816 1949 4953 
1 4 7905 7080 2036 12137 
1 7 12886 14725 4149 4971 14727 7905 4915 
1 3 4149 4984 12844 
1 3 4984 14728 10847 
1 5 12844 7998 14732 2054 4915 
1 4 7998 14735 12868 2032 
1 8 12068 11914 1175 4096 9955 13962 13963 7186 
1 4 13900 3942 2013 1634 
1 6 12727 14145 13987 8004 13941 2090 
1 5 13795 13796 13799 14722 2090 
1 6 8030 13991 13992 10870 8060 2090 
1 6 2090 13942 14140 10786 5006 14138 
1 10 9417 11434 11450 11459 14609 3519 3540 6591 11412 11475 
1 10 8007 10139 1107 1978 14513 4998 12717 14515 12763 14518 
1 7 14518 8022 4979 10887 14511 9084 8007 
1 4 8022 10173 8106 10139 
1 5 2086 2032 12708 14741 7106 
1 10 12268 4364 1345 1332 10225 10209 1277 7463 12302 7673 
1 3 1533 12212 1332 
1 4 12268 4381 10150 14758 
1 4 10150 10294 12415 1533 
1 3 1533 10382 10354 
1 3 10354 7327 12302 
1 3 10354 12181 1277 
1 4 1648 4652 14777 7673 
1 4 7673 10522 4446 1460 
1 5 12165 1342 10279 14756 7381 
1 9 7381 14757 12249 1386 7223 12277 12293 4390 4608 
1 7 7642 4434 4621 1425 4406 14755 7381 
1 20 4279 1316 10282 4409 7227 10310 12280 10138 12110 7296 10178 1416 12252 12225 10237 12196 1252 10181 7231 10325 
1 11 1208 12905 4216 14772 4396 14776 10285 7387 1335 12171 10212 
1 2 4216 14769 
1 10 1335 4338 7358 12228 10240 1306 10199 10143 4282 10212 
1 7 14781 14787 4384 14790 10227 7329 1279 
1 7 14781 14786 1376 12215 7342 1291 12131 
1 10 12299 14771 4424 4367 12271 7399 1392 12255 14787 14781 
2 5 10747 14452 2023 14802 4969 
1 7 1944 8056 1937 12790 10864 14805 4969 
1 5 10747 14798 14797 14448 14449 
1 5 14452 7993 14451 14449 5026 
1 3 14802 14453 10790 
1 7 9616 13555 13556 12183 13558 13544 13543 
1 4 9616 14839 12607 10556 
1 3 3781 12124 1690 
1 9 12399 13854 10591 10651 13889 13888 13881 13880 4865 
1 9 13879 13858 13860 12699 12573 13895 10662 13896 13886 
1 5 3834 13527 10914 5044 12791 
1 4 13525 10783 14813 3834 
1 3 3834 14811 8012 
1 5 3834 14813 853 13530 13529 
1 8 12627 13957 12570 4814 14046 12024 7892 1352 
1 5 14035 14037 14040 7904 1806 
1 5 14035 14037 14817 1618 1806 
1 5 2082 8025 5103 1618 1806 
1 5 5001 7945 12778 4567 1534 
1 3 12778 6803 1618 
1 5 1806 14043 4811 14820 1352 
1 4 1534 9802 14820 1352 
1 3 1534 1564 10717 
1 3 1352 14823 10717 
1 10 13955 13953 13969 14858 14855 14854 10532 13419 14822 1352 
1 9 13955 13956 13969 14858 11772 14060 14059 10606 7852 
1 6 1352 14822 12513 10676 14825 12586 
1 5 10717 14852 12361 1621 4569 
1 7 10717 14857 7607 14856 12365 13871 12497 
1 10 9450 13875 6713 11641 14414 11685 11714 9747 7420 10233 
1 7 13976 13977 7551 4437 14860 13875 9450 
1 12 1770 12418 11971 14831 7306 10478 11589 6737 13867 12368 13877 9450 
1 8 1770 11788 12577 7536 9880 14115 14116 14118 
1 6 7852 14065 12586 10666 14830 1770 
1 5 10717 14857 10333 1678 1770 
1 3 12535 12651 1815 
1 5 10556 13842 14862 14863 3781 
1 4 4741 1736 6742 3781 
1 3 11712 4860 4741 
1 3 12651 13983 4741 
1 6 12124 12676 1854 11712 10593 10624 
1 9 12535 13946 7688 12633 12561 10640 4723 13947 13949 
1 4 14886 3636 14890 637 
1 4 6677 11636 3076 9635 
1 2 12060 4086 
1 2 13702 7155 
1 2 9848 6860 
1 5 13705 13711 13687 13682 6928 
1 5 6928 978 3912 13719 13715 
1 4 11977 1081 12089 14237 
1 3 4086 14234 12089 
1 4 1148 14248 13689 7125 
1 3 13680 13685 9981 
1 3 14880 14881 11492 
1 2 11326 14871 
2 11 9348 14872 6348 3391 11282 14866 14867 14868 9378 14869 301 
1 2 301 9348 
1 3 8115 13521 11814 
1 8 12686 10704 7881 10623 4697 1834 7676 1859 
1 2 1762 7676 
4 4 14928 9843 14925 9776 
1 4 4140 14933 9843 14930 
1 3 14927 14931 9843 
1 4 1488 7675 12317 7441 
1 2 4585 1566 
1 4 4987 12892 12807 8121 
1 5 12338 7565 7662 9993 11929 
1 2 7179 11968 
1 4 7106 12754 13919 10887 
1 6 12708 14740 10729 10772 10066 9084 
1 2 10389 8010 
1 6 13392 14873 13393 489 3568 546 
1 4 3466 14606 486 453 
1 6 14635 14604 14636 14603 429 14602 
1 3 429 14605 3449 
2 3 3970 6981 11835 
1 3 7105 1104 1200 
1 2 12027 4096 
1 2 14185 14940 
2 5 4569 13819 13816 12305 13869 
1 12 7716 14558 12896 12945 12775 14559 5117 14945 14557 14943 12925 10968 
1 6 14557 8193 14948 2192 3109 2080 
1 3 12925 8219 8248 
1 4 12900 14958 14959 2025 
1 7 8034 1992 8021 14961 2025 1932 14491
1 3 4604 4589 10447 
1 4 8187 12964 2173 2152 
1 5 4589 1598 1585 8238 12964 
1 5 1598 7581 1542 1529 5156 
1 2 5156 4533 
1 4 8181 7553 10947 10360 
1 5 10360 15011 15009 15007 5112 
1 4 10360 12438 7636 12937 
1 4 12937 2181 10959 8189 
1 2 5156 8181 
1 3 8181 8239 5178 
1 3 1542 7594 10447 
1 5 5112 15005 10432 5172 15016 
1 2 15016 15013 
1 2 10959 12951 
1 5 12937 10945 5115 15017 2111 
1 5 7636 12977 8140 14977 14979 
1 2 14980 14977 
1 4 14979 5208 14984 14985 
1 2 14985 14987 
1 4 14987 12947 2150 12933 
1 4 12977 2167 8210 8148 
1 3 8148 12334 15016 
1 5 15016 8190 12996 2153 10999 
1 4 8148 7589 4570 10999 
1 4 8148 12938 10931 5223 
1 6 15022 15023 8184 10392 12422 5223 
1 2 8184 8242 
1 9 15023 10946 8143 10998 10939 5168 2227 10933 2175 
1 4 5107 2178 5153 2150 
1 3 2227 10989 7561 
1 3 7561 2164 2178 
1 5 5168 10967 12961 10345 8227 
1 5 10947 11008 11003 10994 12937 